0,0,0,0,0,0,0,0,0,1,0,0,0
0,0,0,0,0,0,0,0,0,1,0,0,0
0,0,0,0,0,0,0,0,0,2,0,0,0
0,1,0,0,0,0,0,0,0,2,0,0,0
0,1,0,0,0,0,0,0,0,2,0,0,0
0,1,0,0,0,0,0,0,0,2,0,0,0
0,1,0,0,0,0,0,0,0,3,0,0,0
0,1,0,0,0,0,0,0,0,3,0,0,0
0,1,0,0,0,0,0,0,0,3,0,0,0
0,1,0,0,0,0,0,0,0,3,0,0,0
0,2,0,0,0,0,0,0,0,3,0,0,0
0,2,0,0,0,0,0,0,0,3,0,0,0
0,4,0,0,0,0,0,0,0,3,0,0,0
0,4,0,0,0,0,0,0,0,3,0,0,0
0,4,0,0,0,0,0,0,0,3,0,0,0
0,4,0,0,0,0,0,0,0,3,0,0,0
0,4,0,0,0,0,0,0,0,3,0,0,0
0,4,0,0,0,0,0,0,0,3,0,0,0
0,4,0,0,0,0,0,0,0,2,0,0,0
0,4,0,0,0,0,0,0,0,2,0,0,0
0,5,0,0,0,0,0,0,0,2,0,0,0
0,5,0,0,0,0,0,0,0,2,0,0,0
0,5,0,0,0,0,0,0,0,2,0,0,0
0,5,0,0,0,0,0,0,0,2,0,0,0
0,5,0,0,0,0,0,0,0,2,0,0,0
0,4,0,0,0,0,0,0,0,2,0,0,0
0,5,0,0,0,0,0,0,0,1,0,0,0
0,5,0,0,0,0,0,0,0,0,0,0,0
0,5,0,0,0,0,0,0,0,0,0,0,0
0,5,0,0,0,0,0,0,0,1,0,0,0
0,6,0,0,0,0,0,0,0,1,0,0,0
0,3,0,0,0,0,0,0,0,1,0,0,0
0,3,0,0,0,0,0,0,0,2,0,0,0
0,3,0,0,0,0,0,0,0,3,0,1,0
0,3,0,0,0,0,0,0,0,5,0,1,0
0,4,0,0,0,0,0,0,0,8,0,1,0
0,4,0,0,0,0,0,0,0,12,0,1,0
0,4,0,0,0,0,0,0,0,12,0,1,0
0,8,0,0,0,0,0,0,0,17,0,1,0
0,9,0,0,0,0,0,0,0,17,0,1,0
1,17,0,0,0,0,0,0,0,18,0,2,0
2,17,0,0,0,0,0,0,0,24,0,3,0
2,23,0,0,0,0,0,0,0,24,0,3,0
4,22,0,0,0,0,0,0,0,28,0,4,0
14,27,0,0,0,0,0,0,0,30,0,5,0
14,34,0,0,0,0,0,0,0,32,0,5,0
19,41,0,0,0,0,0,0,0,36,0,8,0
23,48,1,1,0,0,0,0,0,53,0,17,1
29,58,4,1,0,0,0,0,0,73,0,17,2
39,67,4,2,1,0,0,0,0,97,1,24,6
56,67,7,6,1,3,0,0,0,139,1,39,6
74,94,8,7,1,5,0,0,0,171,1,50,7
97,174,15,8,3,7,0,0,0,183,1,74,8
119,219,17,11,3,12,0,0,0,208,1,92,16
143,258,17,11,3,14,0,0,0,251,2,119,20
191,333,17,11,4,15,0,0,0,311,2,137,26
222,408,19,17,6,21,0,0,1,368,2,176,44
255,408,19,17,9,28,0,2,1,411,3,214,52
297,359,20,17,24,41,0,2,1,489,3,623,66
353,431,21,18,35,50,0,2,1,572,3,1035,72
414,462,35,26,67,66,0,3,1,666,5,1332,86
457,525,36,33,82,71,0,3,1,834,8,1620,92
507,501,38,44,101,87,0,4,1,966,10,1974,101
566,471,63,49,116,106,0,4,1,1116,10,2447,130
585,471,69,64,131,115,0,4,1,1323,10,2734,148
588,482,93,66,140,117,0,5,1,1239,17,3321,160
625,482,98,61,144,137,0,5,1,1372,20,4047,161
718,435,122,67,164,162,0,3,2,2089,18,4423,160
781,449,155,69,172,177,0,3,2,2369,19,5258,167
861,466,169,70,183,186,0,2,3,2555,18,5734,169
965,461,175,70,184,186,0,2,3,2665,16,6485,173
948,461,184,73,188,209,0,2,3,2848,16,7386,179
963,444,185,73,192,229,0,3,4,3052,14,7848,169
900,443,193,66,177,243,0,3,4,3396,14,8470,169
875,450,149,58,156,264,0,4,4,3550,8,9029,165
827,462,145,58,138,289,0,4,4,3855,8,9584,160
748,476,134,52,133,312,0,4,4,3959,8,10095,146
755,482,142,42,118,331,0,4,4,4142,8,10440,138
784,482,142,44,110,346,0,4,4,4294,8,10773,130
809,495,141,42,108,370,0,2,3,4528,2,11215,118
908,503,141,41,92,390,0,2,3,4812,2,11667,110
1034,531,133,40,85,409,0,2,3,4952,3,11882,95
1194,532,124,37,79,400,0,2,3,5126,3,12407,82
1223,574,113,34,77,425,0,2,2,5351,3,13042,75
1349,579,108,31,64,458,0,1,2,5559,3,13400,75
1550,579,105,26,62,466,0,1,2,5725,3,13922,77
1619,574,104,20,62,464,0,3,0,6043,3,14529,74
1761,596,99,16,59,441,0,3,0,6199,3,15032,64
2025,626,97,14,54,430,0,3,0,6430,2,15534,61
2295,638,82,14,48,453,0,3,0,6510,2,16105,57
2548,641,61,11,46,442,0,3,0,6544,2,16542,57
2688,711,62,11,46,431,0,3,0,6501,2,16756,57
2853,711,66,7,36,410,0,3,0,6447,2,17242,61
2952,705,61,6,34,367,0,3,0,6296,2,17853,72
2970,717,57,4,33,366,0,3,0,6284,3,18223,70
3125,673,54,4,30,378,0,3,0,6025,3,18780,86
3105,678,49,4,30,374,0,2,0,5782,3,19379,88
3122,675,38,2,26,338,0,0,0,5652,3,19925,112
3041,680,37,0,25,323,0,0,0,5497,3,20554,113
2954,680,37,0,24,310,0,0,0,5087,3,22395,122
2790,689,36,0,23,309,0,0,0,5014,2,22759,154
2568,638,36,1,15,298,0,0,0,5061,2,23091,171
2299,636,34,2,12,296,0,0,0,5008,1,23528,194
2094,647,33,2,13,255,0,0,0,5095,1,23933,196
1963,608,30,2,13,240,0,0,0,5047,0,24497,203
1837,541,30,2,13,221,0,0,0,4914,0,24932,207
1747,541,33,2,13,222,0,0,0,4821,0,25267,209
1524,503,35,2,13,204,0,0,0,4776,0,25753,199
1361,396,31,2,10,108,0,0,0,4797,0,26038,193
1211,385,31,2,10,103,0,0,0,4664,0,26240,187
1131,371,30,2,9,66,0,0,0,4625,0,26543,179
1072,358,28,1,9,61,0,0,0,4555,0,26980,177
1083,354,25,0,8,52,0,0,0,4513,0,27242,153
1063,354,25,0,8,47,0,0,0,4483,0,27602,143
1035,334,26,0,8,42,0,0,0,4503,0,27986,132
1003,324,26,0,7,32,0,0,0,4732,0,28053,124
969,316,23,0,4,32,0,0,0,4829,0,28235,120
925,306,18,1,4,29,0,0,0,4891,0,28368,107
864,309,18,1,4,28,0,0,0,5108,0,28456,100
813,302,17,1,3,21,0,0,0,5172,0,28854,89
800,302,17,1,3,18,0,0,0,5155,0,29096,88
761,266,17,1,3,18,0,0,0,5324,0,29261,82
713,257,16,2,2,17,0,0,0,5366,0,29460,78
678,242,14,3,2,19,0,0,0,5240,0,29590,68
651,240,14,6,3,19,0,0,0,5294,0,29781,60
615,227,14,8,3,18,0,0,0,5333,0,29959,60
604,227,9,9,3,18,0,0,0,5270,0,30140,54
584,227,10,12,3,15,0,0,0,5173,0,30072,52
400,224,10,12,3,13,0,0,0,5285,0,30095,47
377,206,12,13,2,5,0,0,0,5350,0,30074,33
344,212,9,15,2,5,0,0,0,5357,0,29990,34
334,196,7,15,2,3,0,0,0,5257,0,29920,29
328,189,9,14,2,3,0,0,0,5288,0,29697,27
336,189,9,14,2,3,0,0,0,5139,0,29241,28
336,189,9,15,2,4,0,0,0,5288,0,29156,16
356,180,9,24,2,4,0,0,0,5337,0,29068,17
358,180,8,25,2,4,0,0,0,5267,0,28795,19
373,183,8,29,2,5,0,0,0,4968,0,28419,21
379,181,7,29,2,4,0,0,0,4683,0,28081,21
386,186,5,28,2,4,0,0,0,4582,0,27695,23
403,186,7,29,2,3,0,0,0,4468,0,27348,24
422,186,8,26,2,3,0,0,0,4212,0,26988,24
434,181,5,29,1,3,0,0,0,4156,0,26598,39
449,171,5,30,1,2,0,0,0,4115,0,26527,37
486,184,6,28,1,2,0,0,0,3953,0,26416,44
489,188,8,26,0,2,0,0,0,3914,0,26289,55
512,176,11,26,0,1,0,0,0,3869,0,26203,63
525,176,13,27,0,1,0,0,0,3806,0,26065,70
534,176,13,27,0,1,0,0,0,3707,0,26026,85
542,179,14,27,0,0,0,0,0,3708,0,25911,86
532,171,14,20,0,0,0,0,0,3762,0,25839,98
538,159,15,16,0,0,0,0,0,3721,0,25786,101
506,175,15,14,0,0,0,0,0,3695,0,25845,99
509,156,11,13,0,0,0,0,0,3581,0,25845,105
520,156,15,9,0,0,0,0,0,3559,0,25845,104
520,156,15,5,0,0,0,0,0,3631,0,25845,105
559,148,17,5,0,0,0,0,0,3769,0,25303,88
549,146,18,4,0,1,0,0,0,3768,0,25157,89
549,146,18,3,0,2,0,0,0,3888,0,25048,89
542,154,16,3,0,3,0,0,0,3657,0,25018,81
572,162,16,2,0,3,0,0,0,3640,0,24964,72
572,162,16,1,0,3,0,0,0,3581,3,24938,72
572,162,16,1,0,3,0,0,0,3522,5,24943,72
607,166,14,1,0,4,0,0,0,3543,5,24982,60
620,162,11,1,0,4,0,0,0,3450,5,24949,55
608,162,6,1,0,5,0,0,0,3407,5,24942,48
585,175,4,1,0,4,0,0,0,3354,6,24991,49
592,187,4,1,1,3,0,0,0,3283,6,25029,44
592,187,4,1,1,3,0,0,0,3099,6,25014,45
592,187,4,1,1,3,0,0,0,3052,7,25032,65
676,208,1,1,1,3,0,0,0,3173,8,25082,87
701,209,5,2,1,1,0,0,0,3132,9,25072,73
704,207,5,3,1,2,0,0,0,3092,9,25126,72
807,192,6,3,1,2,0,0,0,3065,9,25102,111
859,206,11,3,0,2,0,2,0,3099,7,1556,125
859,206,11,3,0,2,0,2,0,3169,7,1619,131
859,206,11,4,0,2,0,2,0,3200,7,1761,130
1109,249,29,5,0,1,0,2,0,3239,5,1769,146
1194,265,41,5,1,1,0,2,0,3331,3,1840,143
1252,284,49,3,2,1,0,2,0,3267,2,1903,191
1292,303,49,3,2,1,0,2,0,3249,2,1913,219
1340,293,58,3,3,1,0,3,0,3325,2,1965,236
1340,293,58,3,3,1,0,3,0,3314,2,2045,259
1340,293,58,3,4,0,0,3,0,3295,2,2104,290
1428,262,73,3,4,0,0,3,0,3341,2,2175,307
1393,251,77,3,4,0,0,3,0,3351,0,2341,294
1426,259,74,3,4,0,0,3,0,3270,0,2517,322
1404,242,76,2,4,0,0,3,0,3204,0,2572,304
1382,279,70,2,4,2,0,3,0,3150,0,2752,294
1382,279,70,2,4,2,0,3,0,3098,0,2894,263
1382,279,70,2,4,4,0,3,0,3063,0,3032,255
1382,280,70,0,4,2,0,3,0,3137,0,3153,253
1189,320,93,0,3,2,0,3,0,2987,0,3274,254
1144,351,94,4,0,2,0,3,0,2919,0,3427,226
1105,371,118,6,0,2,0,1,0,2846,0,3560,205
1125,385,132,6,1,2,0,2,0,2816,0,3668,167
1125,385,148,6,1,2,0,2,0,2793,0,3789,166
1125,385,182,6,1,1,0,2,0,2703,0,3890,168
1090,443,196,6,2,0,0,2,0,2730,0,1890,164
1004,469,194,7,2,0,0,2,0,2749,0,1886,164
1044,529,202,8,2,0,0,2,0,2689,5,1834,149
1036,584,218,9,2,0,0,1,0,2663,5,1761,165
1036,626,246,9,2,1,0,1,0,2665,5,1688,173
1036,626,208,13,2,3,0,1,0,2666,5,1656,188
1036,626,204,15,2,3,0,1,0,2637,5,1584,193
1050,743,231,15,2,4,0,1,0,2681,5,1555,172
1169,775,234,13,2,4,0,0,0,2707,8,1442,158
1107,798,222,12,2,5,0,0,0,2705,8,1349,155
1084,780,246,6,2,6,0,0,0,2725,8,1289,150
1144,823,264,8,0,5,0,0,0,2758,8,1290,135
1144,824,289,8,0,6,0,0,0,2744,8,1284,118
1144,824,355,9,0,7,0,0,0,2730,8,1251,106
1172,914,394,9,0,7,0,0,0,2807,8,1236,99
1134,926,398,10,0,4,0,0,0,2815,3,1207,90
1176,903,407,8,0,5,0,0,0,2824,3,1277,62
1158,916,407,7,0,5,0,0,0,2884,3,1299,60
1185,983,418,7,1,5,0,0,0,2912,3,1267,46
1185,983,444,6,1,5,0,0,0,2922,3,1242,45
1185,983,461,4,1,5,0,0,0,2933,3,1294,44
1370,1178,468,4,1,7,0,0,0,3015,3,1379,36
1398,1136,458,3,1,6,0,0,0,3057,0,1414,33
1403,1139,454,4,1,6,0,0,0,3059,0,1467,31
1415,1188,457,4,1,6,0,0,0,3087,2,1553,38
1433,1246,422,4,1,5,0,0,0,3098,3,1627,38
1433,1246,426,4,2,5,0,0,0,3149,3,1714,42
1433,1246,408,3,2,3,0,0,0,3163,3,1858,50
1433,1246,411,3,2,4,0,0,0,3346,7,1984,60
1692,1400,392,2,2,3,0,0,0,3348,9,1945,60
1585,1392,402,2,1,3,0,0,0,3397,11,1886,61
1494,1427,360,3,1,2,0,0,0,3417,11,1849,60
1444,1476,287,2,1,2,0,0,0,3528,8,1846,68
1444,1476,238,2,2,1,0,0,0,3592,8,1874,84
1444,1476,239,2,2,1,0,0,0,3690,8,1938,98
1538,1614,257,3,2,1,0,0,0,3933,8,2054,105
1491,1609,269,3,2,1,0,0,0,4067,1,2141,103
1495,1633,283,3,1,1,0,0,0,4237,1,2265,108
1483,1724,293,2,1,1,0,0,0,4397,1,2553,111
1424,1822,325,1,2,0,0,0,0,4619,1,2643,115
1424,1822,330,1,2,0,0,0,0,4821,1,2793,123
1424,1822,354,1,1,0,0,0,0,4920,1,2944,142
1459,2009,363,3,1,0,0,0,0,5253,1,3193,147
1565,1488,380,3,1,1,0,0,0,5571,1,3362,148
1520,1399,418,4,1,1,0,0,0,5654,1,3593,135
1462,1397,448,6,1,1,0,0,0,5761,1,3917,132
1497,1375,487,7,1,1,0,0,0,5974,1,4237,123
1497,1375,545,7,1,1,0,0,0,6100,1,4524,136
1497,1375,589,7,2,1,0,0,0,6259,1,4947,146
1549,1329,618,7,2,1,0,0,0,6694,1,5196,151
1571,1294,606,6,2,1,0,0,0,6929,2,5522,140
1582,1313,599,6,2,2,0,0,0,7113,2,5890,141
1596,1290,621,6,3,2,0,0,0,7177,2,6227,146
1558,1330,648,5,3,3,0,0,0,7398,2,6733,149
1558,1330,673,6,3,3,0,0,0,7566,2,7035,150
1558,1330,695,3,4,3,0,0,0,7516,4,7278,155
1781,1382,738,5,4,3,0,0,0,7686,4,7588,145
1897,1413,781,5,4,3,0,0,0,7700,3,8082,141
1906,1416,802,22,4,3,0,0,0,7635,3,8273,141
2092,1423,863,24,4,3,0,0,0,7773,3,8492,146
2219,1438,933,37,6,3,0,0,0,7956,3,8672,142
2219,1438,1017,57,9,5,0,0,0,8114,3,8545,164
2219,1438,1063,71,9,4,0,0,0,7971,5,8341,182
2219,1438,1131,76,9,4,0,0,0,8726,5,8155,218
2615,1510,1248,82,8,4,0,0,0,8350,3,8088,241
2689,1530,1374,90,8,4,0,0,0,8331,3,8535,257
2738,1527,1527,89,9,3,0,0,0,8254,3,8491,272
2836,1551,1582,92,12,4,0,0,0,8431,3,8489,302
2836,1551,1648,100,11,5,0,0,0,8365,3,8663,328
2836,1551,1675,104,11,6,0,0,0,8298,3,8793,344
3138,1681,1742,103,11,6,0,2,0,8457,3,8767,400
3203,1729,1746,95,11,5,0,2,1,8625,3,8693,431
3372,1808,1774,92,9,5,0,2,3,8714,3,8947,473
3519,1961,1806,81,9,4,0,2,3,8858,3,9194,513
3651,2051,1855,75,9,4,0,5,4,9005,1,9328,515
3651,2051,1922,72,10,6,0,5,4,9343,1,9284,578
3651,2051,2053,65,11,6,0,5,4,9553,1,9143,623
4477,2378,2116,60,5,5,0,7,1,9773,1,8947,654
4738,2375,2237,55,4,6,0,7,1,9951,1,8927,656
4793,2370,2334,47,4,5,0,5,2,9967,1,8987,670
4921,2399,2409,41,4,4,0,6,2,10130,1,9187,711
5172,2448,2737,39,3,6,0,5,2,10310,0,9129,746
5172,2448,3007,38,3,11,0,5,2,10369,0,9194,743
5172,2448,3255,35,3,13,0,5,2,10429,0,9222,802
5172,3025,3455,33,3,15,0,5,2,10707,0,9339,861
6110,3098,3495,29,3,16,0,2,1,10973,0,9256,846
6230,3203,3771,28,3,19,0,2,1,11026,0,9467,804
6230,3481,4165,28,5,18,0,2,0,11059,0,9794,883
6822,3839,4285,24,5,16,1,2,0,11164,2,9831,916
6817,4405,4460,26,6,20,1,2,0,11514,2,10161,991
6811,4405,4849,24,6,20,2,2,0,11783,2,10591,1128
7964,5008,5152,21,6,16,2,1,0,12465,2,10794,1296
8090,5251,5389,17,6,18,2,0,0,13240,3,10937,1312
8083,5251,5676,16,7,20,3,0,1,13689,4,11450,1370
8305,5991,6027,13,7,19,3,1,1,14338,4,11930,1461
8593,5794,6305,14,6,19,4,1,5,14723,4,12040,1434
8590,5794,6410,19,8,21,8,1,5,15057,4,12364,1696
8584,5794,6715,22,10,21,18,1,5,15322,4,12379,1812
10031,6558,7010,28,10,23,26,1,5,15804,4,12423,1933
10068,6882,7104,32,9,24,60,2,5,16097,3,12053,2060
10057,7188,7385,40,9,24,70,3,5,15859,3,11898,2104
10382,7430,7628,43,10,23,74,3,5,15819,3,11896,2072
10655,7666,7859,51,13,28,84,6,5,15856,3,11599,2145
11274,7666,8009,71,18,33,107,9,5,15975,3,11348,2543
12195,7666,8119,77,21,44,128,9,5,15949,3,11128,2690
13166,7990,8494,89,23,51,132,14,5,15870,2,10997,2871
13350,8385,8678,93,24,87,142,14,0,16163,1,10819,2936
13719,8901,8756,94,25,102,153,15,0,16134,2,10962,3022
14052,9591,8845,105,28,114,150,12,0,16319,2,11455,3155
14217,9185,8864,114,31,122,151,15,0,16688,2,11452,3272
14931,9185,9024,111,32,136,131,15,0,16855,4,11716,3330
15692,9185,9171,119,36,146,112,16,0,16992,4,11991,3615
16454,9686,9259,120,36,138,108,17,0,17461,4,12138,3888
16628,9663,9066,116,33,142,93,17,0,18106,4,12264,3828
17144,9835,8970,119,30,127,80,20,0,18212,4,12740,3978
17743,10012,9127,111,29,119,75,11,0,18194,5,13198,4023
18243,9982,9171,111,27,117,51,12,0,18546,5,13145,4124
18806,9982,9114,98,26,95,56,12,0,18654,8,13849,4197
19484,9982,9216,82,30,88,51,12,0,18984,11,14326,4563
20067,10338,5462,81,28,90,51,9,0,19527,14,14602,4777
20388,10278,5379,82,28,78,44,10,0,19859,14,14854,4674
20199,10330,5347,74,20,71,48,10,0,19853,14,15427,4717
20163,10525,5378,75,20,64,42,10,5,19962,13,16018,4691
20161,10601,5515,78,20,65,56,3,5,19954,12,15942,4549
20072,10601,5630,72,22,61,50,3,6,19775,17,16175,4100
20562,10601,5728,65,21,59,48,3,6,19682,17,16557,4190
21123,11089,5790,60,22,57,49,4,6,20498,17,16657,4383
20649,10929,5761,48,20,57,45,1,7,20766,16,16812,4207
20169,11035,5797,52,23,55,41,1,7,20940,16,17392,4224
19865,11100,5829,56,24,50,37,1,8,21365,17,17861,3990
19607,11087,5597,53,27,46,34,1,9,21631,17,17732,3749
19260,11087,5667,46,34,44,34,1,9,22202,18,17879,3775
19201,11087,5748,46,34,41,33,1,9,22178,18,18205,3893
19165,10846,5734,49,31,38,18,1,3,22948,18,18458,4003
18311,10639,4380,47,32,40,9,0,3,23285,7,18809,3959
17821,10279,4424,47,26,35,8,0,1,23508,7,19381,3867
17821,10017,4484,45,24,36,9,0,1,23803,5,19758,3364
17821,10017,4484,44,24,36,9,0,1,24210,5,19758,3364
17821,10017,4484,39,24,45,9,0,1,21770,5,19758,3366
17821,10017,4486,35,24,48,9,0,1,21673,5,26441,3414
15487,10017,4440,34,22,33,9,0,1,23246,5,20804,3415
14785,8758,4420,32,22,30,6,0,0,24060,6,21126,3206
14555,8726,4442,28,21,25,3,0,0,24812,6,21612,2974
14555,8960,4502,29,20,22,3,0,0,25770,6,22368,2726
14555,8960,4502,25,20,33,3,4,0,24015,6,22368,2727
14555,8960,4556,35,14,31,3,4,0,25728,6,22368,2731
14555,8960,4459,42,12,33,0,4,0,27575,6,29910,2860
13839,8026,4421,56,13,27,0,5,0,29486,6,23266,3049
13411,7676,4416,81,14,19,0,5,0,30681,4,25315,3080
13450,7564,4451,111,12,29,0,6,0,30650,8,24607,2909
13298,7671,4503,131,12,28,0,9,0,31163,8,24960,2965
13628,7439,4580,144,12,29,0,10,0,32606,8,24563,3072
14437,7439,4662,172,7,30,0,10,0,33374,8,24607,3207
14116,7439,4728,185,8,28,0,10,0,34194,8,24472,3209
13917,6556,3411,205,8,26,0,6,0,35371,8,24015,3759
13220,6390,3096,220,7,27,0,6,0,34649,8,23922,3776
12838,6148,2925,231,6,30,0,6,0,34474,8,23715,3772
12434,5965,2885,247,7,32,0,2,0,34063,8,23208,3885
12189,5955,2904,257,8,32,0,2,1,33717,8,21873,4032
12713,5955,2985,268,8,30,0,2,1,33300,8,21601,4067
12234,5955,3081,293,9,28,0,2,1,33015,8,20650,4149
11918,5713,3109,305,9,25,0,0,4,32906,10,19935,4289
11096,5723,3087,317,8,22,0,0,6,32410,7,19017,4181
10565,5744,3134,318,8,23,0,0,7,31069,7,18436,3717
10256,5847,3203,325,9,22,0,0,7,30940,7,18260,3111
9987,5901,3261,332,10,22,0,0,7,29959,7,17763,3217
9727,5901,3370,329,8,21,2,0,7,29083,7,17494,3183
9511,5901,3519,335,8,19,15,0,7,28237,7,16939,3273
9339,5843,3538,349,8,15,17,0,6,27953,7,16428,3294
8652,5714,3489,340,6,11,17,0,5,27448,6,15622,2674
8203,5769,3453,328,8,12,17,0,4,26435,6,15479,2553
8041,5940,3450,314,12,11,18,0,1,25933,6,15263,2506
7805,6039,3488,314,16,9,18,0,0,24929,6,14760,2530
7530,6039,3523,284,16,11,18,0,0,23950,6,14509,2552
7505,6039,3499,283,16,10,27,0,0,23400,6,14141,2563
7389,5610,3463,273,16,10,27,0,0,23199,5,13566,2398
6912,6019,3418,268,16,10,12,0,0,21730,5,13127,2348
6599,5903,3356,265,17,11,12,0,0,21149,2,12987,2282
6588,5927,3338,257,17,10,14,0,0,20720,3,12962,2291
6407,5903,3349,229,17,8,14,0,1,20077,3,12461,2327
6266,5903,3306,222,20,7,15,0,1,19587,3,12283,2443
6242,5903,3253,204,19,8,14,0,1,18997,3,11915,2393
6196,4088,1616,183,30,8,5,0,3,18568,3,11504,2230
5831,4506,1593,184,60,9,5,0,3,18129,4,11007,2050
5706,4420,1571,175,113,9,6,0,3,17538,4,10993,1983
5501,4424,1580,161,213,11,9,0,6,17122,4,11047,1950
5407,4454,1579,156,263,9,9,1,6,17056,4,10657,1924
5271,4454,1624,160,288,10,9,1,6,16864,4,10533,1975
5215,4454,1615,150,299,9,11,1,6,16192,4,10306,1890
5222,4454,1615,140,301,10,18,2,6,15978,4,9855,1891
4993,4264,1622,130,300,12,23,2,6,16054,2,9399,1638
4857,4226,1551,118,341,15,21,2,10,15560,2,9313,1568
4887,4404,1151,111,383,13,27,2,8,15348,2,9378,1543
4840,4538,1168,105,420,15,29,2,8,15250,2,8980,1611
4803,4538,1206,87,437,18,30,2,8,15010,2,8658,1630
4758,4538,1180,87,433,19,28,2,8,14904,2,8278,1700
4675,4615,1211,85,409,19,33,2,5,15004,2,8112,1682
4516,4733,1206,76,374,20,33,0,5,15020,1,7880,1558
4545,4721,1193,65,347,21,27,0,5,14845,3,7988,1452
4484,4544,1206,50,337,27,25,0,4,14911,6,8090,1521
4505,4651,1195,42,289,35,26,0,3,15168,7,7888,1539
4546,4651,1208,42,273,39,20,0,3,15180,13,7973,1578
4584,4651,1194,39,265,38,18,0,3,15116,18,7817,1573
4674,4533,1163,37,240,35,8,0,3,15393,18,7590,1581
4631,4747,1150,37,207,29,9,0,3,15350,22,7378,1520
4649,4718,1146,38,153,30,8,0,2,15165,23,7336,1460
4613,4808,1142,37,125,29,14,0,1,15276,24,7379,1459
4639,4975,1128,34,117,31,17,0,1,15227,24,7291,1541
4649,4975,1113,36,91,29,21,0,1,15128,24,7215,1649
4649,4975,1131,35,91,29,25,0,1,15334,26,7101,1554
4633,4941,1141,36,88,24,23,0,1,16011,28,6934,1500
4470,4956,1147,36,84,26,23,0,1,16327,28,6766,1452
4463,4947,1182,35,78,24,22,0,1,16277,28,6965,1425
4488,4993,1198,35,72,19,20,0,1,16502,28,7135,1437
4548,5145,870,34,61,16,12,0,1,16830,16,7115,1480
4594,5145,909,34,57,19,8,0,1,17170,16,7153,1512
4697,5145,891,38,56,18,8,0,1,17412,16,7022,1442
4811,5076,907,37,54,17,2,0,1,17677,16,6881,1346
4776,5086,986,42,49,17,2,0,1,17849,4,6753,1340
4918,4933,1033,43,40,15,11,0,1,17931,4,6833,1313
5084,5017,1087,49,38,17,2,0,1,18324,4,6883,1332
5429,5287,1125,49,30,17,2,0,1,18895,8,6851,1397
5618,5287,1155,50,9,17,0,0,1,19394,8,6894,1486
5971,5287,1184,50,9,21,0,0,1,19594,8,6800,1500
6176,5388,1200,56,8,20,0,0,1,20307,10,6755,1528
6231,5508,1247,57,6,21,0,0,1,20656,8,6742,1526
6534,5671,1255,62,7,24,0,0,0,20682,8,6918,1618
6835,5972,1107,89,5,25,0,1,0,21747,9,7173,1681
7077,6362,1169,99,5,27,0,1,0,22356,12,7364,1740
7366,6362,1190,110,5,25,0,1,0,23329,12,7617,1877
7698,6362,1179,114,6,25,0,1,0,23964,12,7837,2013
7922,7018,1177,120,6,24,0,1,0,24795,12,7987,2044
7975,7179,1196,127,8,24,0,1,0,25734,14,8118,2006
8350,7524,1174,136,7,23,0,2,0,26342,14,8518,2021
8653,7685,1176,142,8,24,0,2,0,27071,15,9038,2019
8653,7685,1176,148,8,31,0,2,0,27633,15,9428,2127
8653,9836,1252,154,8,32,0,2,0,29149,15,9714,2219
8653,9836,1252,163,8,34,0,2,0,31771,15,9966,2273
10582,8628,1280,169,8,30,0,2,0,31144,15,10271,2282
10809,8808,1254,163,7,36,0,0,1,33093,8,10447,2278
11464,8868,1293,164,8,37,0,0,1,34218,8,10795,2220
12187,9323,1064,147,9,40,0,0,1,35183,9,11452,2231
13059,9709,1182,141,12,41,0,0,1,36655,10,11897,2417
13687,9709,1257,149,14,42,0,0,1,37987,10,12371,2467
14293,9709,1313,149,15,40,0,0,1,39654,10,12602,2589
14849,10100,1368,146,14,46,0,1,1,41925,13,12971,2635
15087,9919,1433,133,15,45,0,1,1,42845,6,13253,2643
15569,9989,1436,142,18,42,0,2,1,44390,6,13660,2617
16223,10220,1529,139,19,42,1,2,1,45976,8,14018,2686
16759,10259,1546,142,22,42,13,2,1,47573,8,13941,2693
17307,10259,1628,151,25,44,19,2,1,47674,8,13768,2943
17933,10259,1689,154,26,49,22,2,1,48622,11,13449,3232
18422,9583,1678,159,29,63,28,3,0,50264,13,12852,2718
18481,9377,1782,140,31,68,33,2,0,50354,13,12364,2739
18481,9166,1831,139,31,79,33,2,2,50067,13,12223,2658
19183,8972,1681,147,30,111,36,4,2,49814,14,12126,2620
19448,9065,1734,149,27,150,37,2,5,49441,11,11530,2585
19709,9065,1892,137,27,201,41,2,5,48857,11,11258,2685
20146,9065,2025,131,29,263,47,2,5,48169,11,10844,2649
20624,8437,2093,123,32,323,47,0,8,47933,13,10370,2675
20721,8327,2171,146,28,419,49,0,8,47254,11,10007,2657
20938,8256,2205,123,31,489,50,0,6,46690,13,9948,2589
21385,8228,2259,119,31,548,61,0,6,47303,13,9954,2551
21828,8116,2369,128,37,589,67,0,6,46737,12,9673,2563
22504,8116,2467,142,37,713,73,0,6,45942,12,9579,2593
22920,8116,2540,137,55,822,80,0,6,45457,13,9426,2578
23608,7544,2593,143,60,943,85,1,9,44797,13,9158,2544
23623,7406,2692,142,60,1060,85,1,20,44247,7,8892,2444
24156,7079,2774,146,62,1203,82,1,34,43261,7,8895,2395
24497,6999,2728,143,62,1309,86,1,47,42484,9,8905,2288
24860,6940,2986,141,67,1464,77,1,48,41607,10,8737,2347
25155,6940,3232,142,71,1538,74,1,48,40692,10,8655,2408
25197,6940,3495,142,71,1624,72,1,48,39930,10,8519,2375
25438,6337,3770,150,71,1651,70,0,51,39463,11,8143,2261
24998,6217,3837,137,81,1591,75,2,51,38633,8,7818,2181
24962,6072,3938,124,85,1617,69,2,57,37819,8,7756,2125
24586,5868,4044,128,86,1572,74,2,44,36833,7,7795,2113
23873,5717,4161,117,90,1537,78,1,38,35854,9,7653,2151
22993,5717,4217,114,82,1508,74,1,38,35156,10,7509,2142
22280,5717,4440,116,89,1531,67,1,38,34089,10,7312,2152
21288,5175,4567,119,97,1435,65,1,24,33053,9,7011,2039
20013,5042,4542,122,87,1345,64,0,17,31951,10,6707,1897
18813,4953,4549,117,82,1262,63,0,17,31199,14,6535,1861
17675,4771,4653,118,76,1143,55,0,12,30457,14,6634,1862
16577,4638,4852,128,74,1028,45,0,9,29462,15,6626,1845
15502,4638,4982,123,69,974,39,0,9,28626,15,6320,1840
14533,4638,5070,129,91,943,28,0,9,27700,15,6022,1734
13608,4065,5061,135,93,894,17,0,9,26129,15,5712,1608
12078,3894,4944,135,97,844,13,0,3,25984,13,5365,1521
10953,3686,4791,135,97,787,22,0,3,24692,13,5128,1486
10017,3645,4635,138,93,638,21,0,3,23542,13,4978,1382
9277,3529,4674,140,100,585,15,0,2,22336,12,4758,1371
8474,3529,4634,144,104,566,12,0,2,21239,12,4499,1408
8073,3529,4566,144,108,505,10,0,2,20047,12,4182,1430
7646,3024,4504,147,105,448,9,0,0,19313,10,3925,1368
6771,2871,4333,143,94,369,9,0,0,18415,4,3609,1272
6305,2722,4267,141,94,311,9,0,0,17597,4,3475,1285
5831,2620,4179,147,94,273,9,0,0,16908,6,3356,1314
5415,2504,4191,148,84,251,10,0,0,16410,6,3215,1292
5071,2504,4114,150,75,224,3,0,0,15628,6,3014,1241
4884,2504,4069,134,72,204,3,3,0,15025,6,2751,1196
4707,2145,3962,112,74,185,1,3,0,14639,6,2587,1142
4431,2094,3836,100,66,171,1,4,0,13893,5,2400,1053
4204,2012,3786,106,57,164,1,8,0,13476,5,2374,938
3810,1953,3600,102,55,147,2,12,0,13111,5,2206,902
3529,1920,3490,98,58,143,6,14,0,12785,4,2068,899
3247,1920,3437,94,44,145,9,14,0,12351,4,1970,874
3180,1920,3305,98,39,140,9,18,0,11976,4,1836,809
3089,1572,3111,91,43,124,9,18,0,11832,4,1745,774
2804,1528,2972,86,45,97,8,31,0,11508,0,1630,722
2639,1487,2799,59,39,92,8,46,0,11193,0,1606,726
2471,1476,2532,62,36,97,8,51,0,10913,0,1574,752
2336,1414,2436,55,26,93,8,51,0,10610,0,1505,763
2170,1414,2307,56,26,88,8,84,0,10312,0,1469,760
2127,1414,2166,57,26,83,8,84,0,10041,0,1378,743
2003,1235,2075,55,26,79,8,84,0,9995,0,1299,711
1773,1181,1860,50,17,74,0,92,0,9762,0,1225,639
1676,1144,1789,44,17,60,0,99,0,9556,0,1184,607
1580,1133,1715,41,11,59,0,103,0,9471,0,1164,605
1580,1115,1635,39,11,60,0,108,0,9456,0,1074,609
1580,1115,1514,34,11,62,0,108,0,9208,0,1074,597
1580,1115,1480,26,11,58,0,152,0,9026,0,1074,549
1261,947,1454,27,10,57,0,135,0,9102,0,934,468
1132,893,1408,26,9,51,0,129,0,8867,1,878,464
1055,835,1395,25,9,55,0,133,0,8789,1,891,435
1055,835,1395,25,9,51,0,133,0,8864,1,797,420
895,749,1053,26,8,47,0,133,0,8679,1,841,405
895,749,1008,23,8,52,0,145,0,8576,1,841,421
895,749,1018,22,8,53,0,145,0,8430,1,841,396
831,669,1022,19,21,45,0,143,0,8549,1,732,360
763,618,972,16,20,44,0,143,0,8341,1,705,313
745,642,990,11,18,39,0,133,0,8322,2,731,319
697,668,1016,10,18,39,0,116,0,8299,2,716,415
675,677,1030,8,20,39,0,108,0,8241,2,711,403
675,677,1051,7,20,39,0,108,0,8118,2,711,414
675,677,1073,7,20,36,0,108,0,7919,2,711,399
624,672,1025,6,20,37,0,98,0,8067,2,651,397
599,652,982,5,24,31,0,90,0,7989,0,635,375
569,651,981,3,27,28,0,79,0,7907,0,658,363
578,666,973,9,50,22,0,77,0,7874,0,655,373
579,662,958,9,50,8,0,76,0,7860,0,629,380
579,662,961,9,50,5,0,76,0,7780,0,656,360
579,662,942,10,50,8,0,76,0,7734,0,648,282
605,662,922,9,54,7,0,75,0,7796,0,656,262
606,701,909,8,53,7,0,64,0,7801,0,640,242
649,736,916,8,53,11,0,65,0,7811,0,690,276
676,789,537,9,53,11,0,70,0,7840,0,721,287
799,612,537,11,39,12,0,75,0,7867,0,752,312
799,612,551,11,39,12,0,75,0,7817,0,814,340
799,612,555,7,39,12,0,75,0,7781,0,819,336
1083,705,528,7,39,13,0,87,0,7898,0,814,356
1173,791,498,8,39,9,0,84,0,7874,0,803,362
1334,917,497,9,9,9,0,72,0,7888,0,864,376
1520,1065,526,13,9,10,0,76,0,7930,0,914,412
1655,1242,542,20,9,9,0,73,0,8035,0,951,448
1655,1242,542,20,9,9,0,73,0,7990,0,1025,479
1655,1242,542,38,9,9,0,73,0,7889,0,1065,496
1655,1242,542,38,12,9,0,57,0,7919,0,1106,474
2176,1574,528,45,12,12,0,58,0,8195,0,1174,449
2282,1792,515,42,13,11,0,51,0,8193,0,1263,483
2526,2093,528,52,13,15,0,52,0,8297,0,1472,503
2719,2440,538,56,14,13,0,46,1,8533,4,1558,549
2719,2440,538,56,14,13,0,46,1,8522,4,1677,628
2719,2440,538,76,14,13,0,46,1,8498,4,1785,656
3380,3075,568,67,13,16,0,44,1,9008,4,1857,650
3463,3321,580,65,13,17,0,43,1,9122,6,1909,634
3769,3625,583,72,12,19,0,40,2,9342,6,2126,682
4101,3881,586,69,12,24,0,43,1,9584,6,2353,793
4438,4336,586,85,14,26,0,41,1,9880,6,2562,893
4438,4336,586,85,14,26,0,41,1,9924,6,2737,958
4438,4336,586,85,14,26,0,41,1,9899,6,2776,1043
5354,5180,591,106,16,24,0,41,1,10538,6,2924,1038
5627,5386,565,111,16,22,0,35,72,10661,7,2971,1017
5933,5683,580,116,19,25,0,35,128,10913,7,3117,1066
6367,6095,297,133,19,32,0,47,169,11186,7,3285,1203
6709,6477,303,153,21,41,0,47,198,11402,7,3501,1381
6709,6477,303,153,21,41,0,47,197,11069,7,3722,1478
6709,6477,303,153,21,41,0,47,197,10832,7,3780,1556
7777,5202,345,174,21,41,0,38,197,11931,5,3725,1744
7931,5503,362,168,21,49,0,34,219,11910,5,3696,1625
8496,5498,412,165,20,50,0,34,235,11974,5,3873,1528
9066,5793,443,158,20,50,0,29,262,12277,5,4169,1602
9655,5825,430,161,21,55,0,25,192,12466,8,4322,1753
9655,5825,430,161,21,55,0,25,192,12203,8,4485,1987
9655,5825,430,161,21,55,0,25,192,11831,8,4543,2065
11426,6180,503,161,28,71,0,25,118,12890,8,4405,2068
11660,6311,483,138,28,65,0,21,115,12786,8,4400,2204
12290,6135,495,128,34,60,0,23,115,12954,8,4729,2372
12868,6270,430,122,34,60,0,22,128,13082,8,5058,2466
13495,6230,440,127,36,55,1,21,128,13262,8,5265,2755
13495,6230,440,127,36,55,1,21,136,12943,8,5347,2894
13495,6230,440,127,36,55,1,21,136,12590,8,5527,3119
13495,6230,440,127,40,55,1,21,136,12729,8,5522,3252
15486,5846,422,126,42,58,1,17,136,5931,5,5460,3184
15618,5929,438,113,47,61,1,15,111,5743,5,5625,3331
15977,6021,456,122,47,74,1,16,121,5869,5,5837,3416
16265,6275,539,137,52,78,0,15,134,5953,5,6012,3573
16265,6275,539,137,52,78,0,15,134,6148,5,6347,3588
16265,6275,539,137,52,78,0,15,134,6170,5,6366,3744
18395,6199,569,230,47,125,1,17,134,5972,19,6295,3776
18265,6537,576,245,47,173,1,19,174,5732,19,6241,3929
18421,6148,584,294,56,159,1,19,181,5823,19,6480,4016
18706,6226,599,337,56,173,1,18,220,5968,19,6607,4064
19201,6413,629,371,45,162,1,21,216,5801,37,6810,4234
19201,6413,629,371,45,162,1,21,216,5978,37,6867,4329
19201,6413,629,371,45,162,1,21,243,6170,37,6788,4586
20614,5985,598,485,53,129,3,25,243,6074,44,6603,4672
20917,5654,607,510,64,137,3,23,238,5724,44,6384,4700
20304,5812,592,558,84,127,3,33,233,5650,44,6449,4706
20180,6097,496,575,84,147,4,34,252,5523,44,6518,4715
20040,6338,499,574,116,169,4,38,254,5426,44,6478,4734
20040,6338,499,581,123,169,4,38,254,5501,44,6478,4751
20040,6338,499,629,141,169,4,38,254,5515,44,6478,4864
21307,6486,646,651,162,205,3,33,243,5208,11,6248,4788
20513,6377,613,633,166,205,1,35,259,4845,9,5986,4734
20306,6563,668,658,171,224,2,33,259,4760,9,5889,4585
20255,6563,668,691,171,224,2,33,283,4689,9,5894,4669
20215,6741,712,678,187,240,1,23,334,4795,9,5851,4770
20215,6741,712,765,176,240,1,23,334,4851,9,5780,4824
20215,6741,712,760,156,240,1,23,334,4934,9,5529,4718
20674,6492,814,768,167,231,1,34,334,4801,10,5266,4635
19456,6344,845,783,160,248,1,36,374,4497,10,5023,4387
18912,6346,858,776,139,254,1,38,418,4507,10,5039,4316
18411,6346,868,826,125,247,1,43,418,4471,10,5121,4567
17839,6369,927,882,119,234,2,40,456,4499,10,5130,4695
17839,6369,927,930,119,234,2,40,452,4457,10,5106,4801
17839,6369,927,963,119,234,2,40,452,4441,10,5110,4706
17839,6369,927,1038,119,234,7,40,452,4417,10,5042,4661
15295,5597,928,1093,76,197,7,49,334,4114,6,4907,4453
14218,5589,923,1075,69,187,7,48,354,3984,6,4982,4426
13423,5739,962,1104,67,198,7,46,373,3931,6,5114,4297
12978,5527,963,1065,60,199,5,49,350,3902,6,5114,4367
12978,5527,963,998,60,199,5,49,350,3897,6,5286,4300
12978,5527,963,936,60,199,5,49,350,3900,6,5251,3970
12302,5279,976,850,54,208,8,51,263,3635,6,5108,3673
11402,5276,1007,775,54,187,7,52,234,3349,7,4861,3437
10824,5253,998,762,53,165,7,54,250,3272,7,4834,3177
10434,5334,926,764,53,163,4,49,252,3284,7,4773,3107
10037,5464,954,732,69,160,4,46,261,3304,7,4605,3138
10037,5464,954,690,69,160,4,46,261,3301,7,4493,3043
10037,5464,954,628,69,160,3,46,261,3289,7,4291,2966
9481,5332,1071,590,97,152,2,47,204,3088,3,4067,2825
9267,5196,1069,522,97,134,0,42,197,2978,3,3852,2541
8733,5093,1121,534,108,146,0,47,193,3000,3,3870,2443
8387,5325,1153,550,108,171,0,52,186,3022,3,3981,2401
8158,5362,1217,557,106,169,0,55,160,3044,3,4042,2367
8158,5362,1217,552,106,169,0,55,160,3007,3,4178,2310
8158,5362,1217,514,106,169,0,55,160,3031,3,4342,2125
7529,4996,1273,507,98,166,0,60,92,3133,3,4415,1953
6911,5024,1303,471,98,161,0,72,85,3032,4,4497,1832
6693,4708,1345,459,67,180,0,74,71,3129,5,4678,1768
6515,4767,1145,465,67,213,0,84,62,3280,5,4878,1785
6386,4797,1147,478,59,220,0,100,45,3474,5,4996,1799
6386,4797,1147,477,59,220,0,100,45,3522,5,5191,1748
6386,4797,1147,474,59,220,0,100,45,3584,7,5244,1668
6387,4587,1377,505,43,255,0,147,43,3968,7,5253,1530
6090,4605,1438,523,43,281,0,167,56,3895,5,5219,1427
6008,4615,1457,549,48,277,0,178,80,4118,5,5377,1377
6008,4615,1457,581,48,277,0,178,80,4154,5,5543,1432
5745,4530,1489,581,47,277,0,172,125,4448,7,5728,1447
5745,4530,1489,552,47,277,0,172,125,4504,7,5833,1328
5745,4530,1489,535,47,277,0,172,125,4581,7,5928,1249
5828,4082,1499,526,38,265,0,224,136,4756,8,5784,1205
5565,3809,1445,517,38,253,0,224,139,4570,8,5708,1116
5521,3622,1452,566,29,236,0,172,132,4739,9,5897,1108
5384,3576,1404,567,29,236,0,154,114,4875,10,6098,1104
5294,3641,1449,608,26,223,0,152,104,5113,12,6128,1106
5294,3641,1449,594,26,223,0,152,104,5159,16,6244,1172
5294,3641,1449,641,26,223,0,152,104,5190,18,6244,1052
5311,3315,1528,648,19,193,0,123,49,5456,22,6324,1003
5001,3230,1523,666,19,184,0,121,50,5314,28,6326,1019
5033,3193,1537,693,20,172,0,104,47,5408,36,6703,999
4969,3240,1493,744,20,169,0,108,43,5591,37,7047,996
5017,3200,1516,788,21,172,0,92,36,5855,37,7324,1020
5017,3200,1516,794,21,172,0,92,36,5919,37,7760,942
5017,3200,1516,794,21,172,0,92,36,5999,35,7850,899
4850,3031,1493,707,28,171,0,65,23,6658,29,7846,859
4547,3040,1418,668,28,200,0,43,18,6675,29,7913,716
4621,3078,1383,677,29,203,0,58,18,6765,30,8447,736
4541,3141,1356,692,29,214,0,58,23,6853,25,8869,734
4442,3186,1403,712,27,199,0,54,13,7255,19,9297,745
4442,3186,1403,723,27,199,0,54,13,7333,22,9825,723
4442,3186,1403,753,27,199,1,54,13,7381,20,10062,697
4376,2978,1613,761,27,153,1,48,10,8042,22,10272,635
4105,2916,1565,753,20,153,1,40,10,8018,23,10530,614
4140,2982,1638,782,24,162,2,42,11,8252,27,11140,610
4094,3013,1623,893,24,194,2,44,11,8678,29,12085,623
4059,3090,1691,972,20,301,2,45,10,9461,31,11177,654
4059,3090,1691,1005,20,430,2,45,10,9653,31,13638,651
4059,3090,1691,1021,20,541,2,45,10,9761,37,14042,613
4182,3051,1700,1050,30,598,2,46,5,11501,37,14251,569
4016,3274,1724,1053,30,707,1,47,5,12053,36,14617,546
4082,3557,1779,1143,34,862,1,42,9,13119,43,15974,539
4212,3986,1753,1239,34,1111,1,41,15,14894,49,17400,545
4431,4426,1799,1257,83,1425,1,38,14,16677,75,19558,549
4431,4426,1799,1234,83,1851,0,38,14,17165,88,21482,563
4431,4426,1799,1260,134,2327,0,38,14,17935,88,23549,577
5652,5585,2183,1271,161,2629,0,48,13,24433,89,26143,566
6045,6499,2316,1270,182,2920,0,45,12,26571,112,29318,557
7065,7482,2622,1408,230,3456,0,43,12,29940,141,34161,628
8359,8935,2933,1565,321,3844,3,45,19,35720,165,41807,790
9909,10640,3626,1655,396,4266,5,45,19,42974,198,48819,790
12104,13185,3626,1655,396,4835,16,45,19,43018,250,54462,790
13503,15206,3626,1655,396,5413,20,45,19,43571,255,58287,790
13995,16914,5724,1852,396,5994,20,45,19,52544,309,62068,790
14973,18709,6546,2019,396,6555,34,45,19,55001,410,69724,1429
17316,16472,7488,2383,1116,5053,71,40,19,77836,526,78215,1646
21072,17850,8418,2842,1424,5106,89,68,105,88113,680,86866,2177
25016,21368,9924,3333,1746,5117,127,87,147,99262,814,93956,2845
28838,21368,9924,3333,1746,5826,127,87,147,99488,814,99005,2845
31508,21368,9924,3333,1746,7010,196,87,147,100666,867,101063,2845
32793,30700,15318,5444,2902,8030,207,87,147,111929,995,103797,2845
34276,27974,17076,6114,3226,6439,210,245,316,122579,1159,103797,4063
37196,30886,18844,6825,3649,6645,210,291,382,125052,1378,108878,4447
39897,32777,21277,7269,4038,6636,244,317,527,127199,1491,115626,5236
43414,34238,24595,7560,4348,6615,274,317,668,127020,1547,121621,6255
43414,34238,24595,7900,4348,7760,274,317,668,125883,1657,123058,6898
43414,34238,24595,7935,4348,8597,274,317,668,124541,1657,121570,7419
57332,37442,31618,7670,5892,6906,215,347,872,123660,1517,113103,7751